0
1
2
5
7
8
9
10
12
13
14
15
17
18
19
22
24
25
26
27
28
29
30
31
32
33
34
35
36
37
40
42
43
44
45
47
48
49
50
51
52
54
55
58
59
61
62
63
64
65
66
68
72
75
76
77
78
79
82
83
84
87
88
89
91
93
94
95
96
97
98
100
101
102
103
106
107
108
109
110
111
113
114
115
116
117
118
119
120
121
122
128
129
130
131
133
134
135
136
137
139
140
141
142
143
144
145
146
147
148
149
151
152
153
155
156
157
158
162
163
164
165
166
167
168
169
171
172
173
174
175
181
183
184
186
188
189
190
192
193
196
198
201
202
203
204
206
208
210
212
214
216
217
218
219
221
223
224
225
226
228
230
231
232
233
234
235
236
237
239
241
242
243
244
247
248
253
254
255
257
258
259
260
262
264
265
266
268
269
272
275
277
280
281
282
283
284
285
286
287
289
290
291
293
294
295
296
297
298
300
301
302
304
305
306
307
308
309
311
313
315
316
318
319
321
322
323
324
325
327
329
331
332
333
336
337
338
339
340
341
342
343
346
347
349
350
351
352
354
355
356
361
362
363
364
365
367
368
369
370
371
372
373
374
375
376
377
378
379
381
382
384
385
386
387
390
395
396
397
398
399
401
404
406
407
409
410
411
414
416
418
419
420
421
422
424
426
427
428
429
430
431
432
433
435
436
438
439
441
442
443
445
446
448
449
450
452
453
457
458
461
462
463
464
466
467
468
470
473
474
476
477
478
479
480
481
482
484
485
487
488
489
490
491
492
493
494
495
496
497
